z =

   1.0000000   2.2873553   0.8908079
   1.0000000   2.4717267  -0.6861101
   1.0000000   0.3836040  -1.6322217
   1.0000000  -2.0572025  -1.0776761
   1.0000000  -2.6066264   0.4676799
   1.0000000  -0.7595301   1.5830532
   1.0000000   1.7858747   1.2429747
   1.0000000   2.6893545  -0.2398890
   1.0000000   1.1202542  -1.5021998
   1.0000000  -1.4788027  -1.3833951
   1.0000000  -2.7182552   0.0072967
   1.0000000  -1.4585564   1.3912800
   1.0000000   1.1421324   1.4961268
   1.0000000   2.6927500   0.2254416
   1.0000000   1.7676656  -1.2525136
   1.0000000  -0.7826024  -1.5789136
   1.0000000  -2.6133493  -0.4536676
   1.0000000  -2.0413950   1.0886782
   1.0000000   0.4074085   1.6300983
   1.0000000   2.4816425   0.6728136

g =

   0.268941   0.092176   0.290943
   0.268941   0.077864   0.665101
   0.268941   0.405258   0.836474
   0.268941   0.886673   0.746054
   0.268941   0.931287   0.385166
   0.268941   0.681252   0.170364
   0.268941   0.143579   0.223919
   0.268941   0.063604   0.559686
   0.268941   0.245964   0.817902
   0.268941   0.814392   0.799536
   0.268941   0.938095   0.498176
   0.268941   0.811312   0.199203
   0.268941   0.241929   0.183004
   0.268941   0.063403   0.443877
   0.268941   0.145833   0.777735
   0.268941   0.686241   0.829051
   0.268941   0.931716   0.611511
   0.268941   0.885075   0.251867
   0.268941   0.399534   0.163817
   0.268941   0.077155   0.337867

== 
==                                   Part Name |     Score | Feedback
==                                   --------- |     ----- | --------
==                            Sigmoid Function |   0 /   5 | 
==                    Logistic Regression Cost |   0 /  30 | 
==                Logistic Regression Gradient |   0 /  30 | 
==                                     Predict |   0 /   5 | 
==        Regularized Logistic Regression Cost |   0 /  15 | 
==    Regularized Logistic Regression Gradient |   0 /  15 | 
==                                   --------------------------------
==                                             |   0 / 100 | 
== 
